-0.752
34.241
68.013
-0.261
75.293
-10.87

-0.752
37.405
79.722
-0.261
61.862
-10.87

-0.752
34.241
68.013
-0.261
75.293
-10.87

-0.752
-21.628
-17.291
-0.261
18.952
-10.87

-0.752
55.67
0.883
-0.261
18.952
-10.87

-0.752
34.241
68.013
-0.261
75.293
-10.87

5.797
37.2
80.229
-0.577
60.155
2.636

-0.752
34.241
68.013
-0.261
75.293
-10.87

-0.752
-21.628
-17.291
-0.261
18.952
-10.87

-0.752
55.67
0.883
-0.261
18.952
-10.87

-0.752
34.241
68.013
-0.261
75.293
-10.87

-6.416
37.242
80.044
0.025
60.246
-9.865

-0.752
34.241
68.013
-0.261
75.293
-10.87

-0.752
-21.628
-17.291
-0.261
18.952
-10.87

-0.752
55.67
0.883
-0.261
18.952
-10.87

-0.752
34.241
68.013
-0.261
75.293
-10.87

2.275
41.801
73.31
-0.43
62.452
-7.713

-0.752
34.241
68.013
-0.261
75.293
-10.87

-0.752
-21.628
-17.291
-0.261
18.952
-10.87

-0.752
55.67
0.883
-0.261
18.952
-10.87

-0.752
34.241
68.013
-0.261
75.293
-10.87

-3.334
41.08
73.485
-0.159
62.973
-13.444

-0.752
34.241
68.013
-0.261
75.293
-10.87

-0.752
-21.628
-17.291
-0.261
18.952
-10.87

-0.752
55.67
0.883
-0.261
18.952
-10.87

-0.752
34.241
68.013
-0.261
75.293
-10.87

-9.2
42.497
71.568
0.124
63.469
-19.431

-0.752
34.241
68.013
-0.261
75.293
-10.87

-0.752
-21.628
-17.291
-0.261
18.952
-10.87

-0.752
55.67
0.883
-0.261
18.952
-10.87

-0.752
34.241
68.013
-0.261
75.293
-10.87

8.027
41.548
72.998
-0.7
63.067
-1.848

-0.752
34.241
68.013
-0.261
75.293
-10.87

-0.752
-21.628
-17.291
-0.261
18.952
-10.87

-0.752
55.67
0.883
-0.261
18.952
-10.87

-0.752
34.241
68.013
-0.261
75.293
-10.87

-4.033
33.28
87.066
-0.133
57.189
-14.142

-0.752
34.241
68.013
-0.261
75.293
-10.87

-0.752
-21.628
-17.291
-0.261
18.952
-10.87

-0.752
55.67
0.883
-0.261
18.952
-10.87

-0.752
34.241
68.013
-0.261
75.293
-10.87

2.644
33.206
86.813
-0.471
57.546
-7.291

-0.752
34.241
68.013
-0.261
75.293
-10.87

-0.752
-21.628
-17.291
-0.261
18.952
-10.87

-0.752
55.67
0.883
-0.261
18.952
-10.87

-0.752
34.241
68.013
-0.261
75.293
-10.87

9.062
34.058
85.67
-0.787
57.898
-0.712

-0.752
34.241
68.013
-0.261
75.293
-10.87

-0.752
-21.628
-17.291
-0.261
18.952
-10.87

-0.752
55.67
0.883
-0.261
18.952
-10.87

-0.752
34.241
68.013
-0.261
75.293
-10.87