179.248 217.392 259.328 179.739 242.493 169.13 
179.248 225.92 182.827 179.739 203.662 169.13 
179.248 214.241 248.013 179.739 255.293 169.13 
179.248 214.387 248.238 179.739 255.106 169.13 
179.248 214.546 248.817 179.739 254.546 169.13 
179.248 214.705 249.423 179.739 253.841 169.13 
179.248 214.864 250.029 179.739 253.136 169.13 
179.248 215.023 250.634 179.739 252.432 169.13 
179.248 215.181 251.24 179.739 251.727 169.13 
179.248 215.34 251.846 179.739 251.022 169.13 
179.248 215.499 252.452 179.739 250.318 169.13 
179.248 215.658 253.058 179.739 249.613 169.13 
179.248 215.817 253.664 179.739 248.909 169.13 
179.248 215.976 254.269 179.739 248.204 169.13 
179.248 216.134 254.875 179.739 247.499 169.13 
179.248 216.293 255.481 179.739 246.795 169.13 
179.248 216.452 256.087 179.739 246.09 169.13 
179.248 216.611 256.693 179.739 245.385 169.13 
179.248 216.77 257.299 179.739 244.681 169.13 
179.248 216.929 257.904 179.739 243.976 169.13 
179.248 217.087 258.51 179.739 243.271 169.13 
179.248 217.246 259.093 179.739 242.697 169.13 
179.248 217.392 259.328 179.739 242.493 169.13 
179.248 217.247 259.113 179.739 242.664 169.13 
179.248 217.089 258.551 179.739 243.205 169.13 
179.248 216.93 257.966 179.739 243.877 169.13 
179.248 216.772 257.38 179.739 244.548 169.13 
179.248 216.614 256.795 179.739 245.22 169.13 
179.248 216.456 256.209 179.739 245.891 169.13 
179.248 216.298 255.624 179.739 246.563 169.13 
179.248 216.139 255.038 179.739 247.234 169.13 
179.248 215.981 254.453 179.739 247.906 169.13 
179.248 215.823 253.867 179.739 248.578 169.13 
179.248 215.665 253.282 179.739 249.249 169.13 
179.248 215.507 252.697 179.739 249.921 169.13 
179.248 215.348 252.111 179.739 250.592 169.13 
179.248 215.19 251.526 179.739 251.264 169.13 
179.248 215.032 250.94 179.739 251.935 169.13 
179.248 214.874 250.355 179.739 252.607 169.13 
179.248 214.716 249.769 179.739 253.278 169.13 
179.248 214.557 249.184 179.739 253.838 169.13 
179.248 214.399 248.482 179.739 254.032 169.13 
179.248 214.049 247.348 179.739 253.851 169.13 
179.248 212.844 245.764 179.739 253.295 169.13 
179.248 211.448 243.748 179.739 252.364 169.13 
179.248 210.051 241.615 179.739 251.067 169.13 
179.248 208.654 239.483 179.739 249.659 169.13 
179.248 207.257 237.35 179.739 248.25 169.13 
179.248 205.861 235.217 179.739 246.842 169.13 
179.248 204.464 233.085 179.739 245.433 169.13 
179.248 203.067 230.952 179.739 244.025 169.13 
179.248 201.67 228.82 179.739 242.616 169.13 
179.248 200.274 226.687 179.739 241.208 169.13 
179.248 198.877 224.554 179.739 239.799 169.13 
179.248 197.48 222.422 179.739 238.391 169.13 
179.248 196.084 220.289 179.739 236.982 169.13 
179.248 194.687 218.157 179.739 235.574 169.13 
179.248 193.29 216.024 179.739 234.165 169.13 
179.248 191.893 213.891 179.739 232.757 169.13 
179.248 190.497 211.759 179.739 231.348 169.13 
179.248 189.1 209.626 179.739 229.94 169.13 
179.248 187.703 207.494 179.739 228.531 169.13 
179.248 186.306 205.361 179.739 227.123 169.13 
179.248 184.91 203.228 179.739 225.714 169.13 
179.248 183.513 201.096 179.739 224.305 169.13 
179.248 182.116 198.963 179.739 222.897 169.13 
179.248 180.72 196.831 179.739 221.488 169.13 
179.248 179.323 194.698 179.739 220.08 169.13 
179.248 177.926 192.565 179.739 218.671 169.13 
179.248 176.529 190.433 179.739 217.263 169.13 
179.248 175.133 188.3 179.739 215.854 169.13 
179.248 173.736 186.168 179.739 214.446 169.13 
179.248 172.339 184.035 179.739 213.037 169.13 
179.248 170.943 181.902 179.739 211.629 169.13 
179.248 169.546 179.77 179.739 210.22 169.13 
179.248 168.149 177.637 179.739 208.812 169.13 
179.248 166.752 175.505 179.739 207.403 169.13 
179.248 165.356 173.372 179.739 205.995 169.13 
179.248 164.118 171.273 179.739 204.586 169.13 
179.248 163.784 169.541 179.739 203.178 169.13 
179.248 164.451 168.258 179.739 201.769 169.13 
179.248 166.117 167.426 179.739 200.505 169.13 
179.248 168.784 167.043 179.739 199.613 169.13 
179.248 172.45 167.11 179.739 199.097 169.13 
179.248 177.117 167.628 179.739 198.952 169.13 
179.248 182.783 168.595 179.739 198.952 169.13 
179.248 189.45 170.013 179.739 198.952 169.13 
179.248 197.021 171.796 179.739 198.952 169.13 
179.248 204.671 173.613 179.739 198.952 169.13 
179.248 211.5 175.431 179.739 199.059 169.13 
179.248 217.329 177.248 179.739 199.53 169.13 
179.248 222.158 179.179 179.739 200.376 169.13 
179.248 225.987 181.541 179.739 201.597 169.13 
179.248 228.816 184.353 179.739 203.193 169.13 
179.248 230.646 187.596 179.739 205.164 169.13 
179.248 231.475 190.953 179.739 207.51 169.13 
179.248 231.304 194.309 179.739 210.22 169.13 
179.248 230.313 197.666 179.739 213.037 169.13 
179.248 229.241 201.022 179.739 215.854 169.13 
179.248 228.17 204.379 179.739 218.671 169.13 
179.248 227.098 207.735 179.739 221.488 169.13 
179.248 226.027 211.092 179.739 224.305 169.13 
179.248 224.956 214.448 179.739 227.123 169.13 
179.248 223.884 217.805 179.739 229.94 169.13 
179.248 222.813 221.161 179.739 232.757 169.13 
179.248 221.741 224.518 179.739 235.574 169.13 
179.248 220.67 227.874 179.739 238.391 169.131 
179.248 219.598 231.231 179.739 241.208 169.166 
179.248 218.527 234.587 179.739 243.915 169.256 
179.257 217.455 237.943 179.739 246.258 169.401 
179.308 216.384 241.052 179.739 248.225 169.601 
179.405 215.312 243.71 179.738 249.818 169.856 
179.546 214.427 245.919 179.733 251.035 170.166 
179.732 214.389 247.678 179.722 251.878 170.532 
179.963 214.537 248.986 179.707 252.345 170.952 
180.24 214.685 249.845 179.692 252.438 171.427 
180.558 214.833 250.456 179.676 252.156 171.957 
180.885 214.981 251.067 179.66 251.508 172.542 
181.213 215.129 251.678 179.644 250.752 173.182 
181.54 215.277 252.289 179.628 249.995 173.857 
181.868 215.425 252.899 179.613 249.238 174.53 
182.195 215.573 253.51 179.597 248.481 175.163 
182.523 215.72 254.121 179.581 247.724 175.74 
182.85 215.868 254.732 179.565 246.967 176.263 
183.177 216.016 255.343 179.549 246.21 176.73 
183.503 216.164 255.953 179.534 245.453 177.143 
183.796 216.312 256.564 179.518 244.696 177.5 
184.043 216.46 257.175 179.502 243.94 177.803 
184.246 216.608 257.786 179.486 243.183 178.05 
184.403 216.756 258.397 179.47 242.426 178.243 
184.516 216.904 259.007 179.458 241.669 178.38 
184.583 217.052 259.589 179.45 241.106 178.463 
184.606 217.189 259.814 179.448 240.919 178.49 
184.583 217.052 259.589 179.45 241.106 178.463 
184.516 216.904 259.007 179.458 241.669 178.38 
184.403 216.756 258.397 179.47 242.426 178.243 
184.246 216.608 257.786 179.486 243.183 178.05 
184.043 216.46 257.175 179.502 243.94 177.803 
183.796 216.312 256.564 179.518 244.696 177.5 
183.503 216.164 255.953 179.534 245.453 177.143 
183.177 216.016 255.343 179.549 246.21 176.73 
182.85 215.868 254.732 179.565 246.967 176.263 
182.523 215.72 254.121 179.581 247.724 175.74 
182.195 215.573 253.51 179.597 248.481 175.163 
181.868 215.425 252.899 179.613 249.238 174.53 
181.54 215.277 252.289 179.628 249.995 173.857 
181.213 215.129 251.678 179.644 250.752 173.182 
180.885 214.981 251.067 179.66 251.508 172.542 
180.558 214.833 250.456 179.676 252.265 171.957 
180.24 214.685 249.845 179.692 253.022 171.427 
179.963 214.537 249.235 179.707 253.632 170.952 
179.732 214.389 248.516 179.722 253.868 170.532 
179.546 214.046 247.37 179.733 253.73 170.166 
179.405 212.844 245.773 179.738 253.217 169.856 
179.308 211.448 243.748 179.739 252.328 169.601 
179.257 210.051 241.615 179.739 251.067 169.401 
179.248 208.654 239.483 179.739 249.659 169.256 
179.248 207.257 237.35 179.739 248.25 169.166 
179.248 205.861 235.217 179.739 246.842 169.131 
179.248 204.464 233.085 179.739 245.433 169.13 
179.248 203.067 230.952 179.739 244.025 169.13 
179.248 201.67 228.82 179.739 242.616 169.13 
179.248 200.274 226.687 179.739 241.208 169.13 
179.248 198.877 224.554 179.739 239.799 169.13 
179.248 197.48 222.422 179.739 238.391 169.13 
179.248 196.084 220.289 179.739 236.982 169.13 
179.248 194.687 218.157 179.739 235.574 169.13 
179.248 193.29 216.024 179.739 234.165 169.13 
179.248 191.893 213.891 179.739 232.757 169.13 
179.248 190.497 211.759 179.739 231.348 169.13 
179.248 189.1 209.626 179.739 229.94 169.13 
179.248 187.703 207.494 179.739 228.531 169.13 
179.248 186.306 205.361 179.739 227.123 169.13 
179.248 184.91 203.228 179.739 225.714 169.13 
179.248 183.513 201.096 179.739 224.305 169.13 
179.248 182.116 198.963 179.739 222.897 169.13 
179.248 180.72 196.831 179.739 221.488 169.13 
179.248 179.323 194.698 179.739 220.08 169.13 
179.248 177.926 192.565 179.739 218.671 169.13 
179.248 176.529 190.433 179.739 217.263 169.13 
179.248 175.133 188.3 179.739 215.854 169.13 
179.248 173.736 186.168 179.739 214.446 169.13 
179.248 172.339 184.035 179.739 213.037 169.13 
179.248 170.943 181.902 179.739 211.629 169.13 
179.248 169.546 179.77 179.739 210.22 169.13 
179.248 168.149 177.637 179.739 208.812 169.13 
179.248 166.752 175.505 179.739 207.403 169.13 
179.248 165.356 173.372 179.739 205.995 169.13 
179.248 164.118 171.273 179.739 204.586 169.13 
179.248 163.784 169.541 179.739 203.178 169.13 
179.248 164.451 168.258 179.739 201.769 169.13 
179.248 166.117 167.426 179.739 200.505 169.13 
179.248 168.784 167.043 179.739 199.613 169.13 
179.248 172.45 167.11 179.739 199.097 169.13 
179.248 177.117 167.628 179.739 198.952 169.13 
179.248 182.783 168.595 179.739 198.952 169.13 
179.248 189.45 170.013 179.739 198.952 169.13 
179.248 197.021 171.796 179.739 198.952 169.13 
179.248 204.671 173.613 179.739 198.952 169.13 
179.248 211.5 175.431 179.739 199.059 169.13 
179.248 217.329 177.248 179.739 199.53 169.13 
179.248 222.158 179.179 179.739 200.376 169.13 
179.248 225.987 181.541 179.739 201.597 169.13 
179.248 228.816 184.353 179.739 203.193 169.13 
179.248 230.646 187.596 179.739 205.164 169.13 
179.248 231.475 190.953 179.739 207.51 169.13 
179.248 231.304 194.309 179.739 210.22 169.13 
179.248 230.313 197.666 179.739 213.037 169.13 
179.248 229.241 201.022 179.739 215.854 169.13 
179.248 228.17 204.379 179.739 218.671 169.13 
179.248 227.098 207.735 179.739 221.488 169.13 
179.248 226.027 211.092 179.739 224.305 169.13 
179.248 224.956 214.448 179.739 227.123 169.13 
179.248 223.884 217.805 179.739 229.94 169.13 
179.248 222.813 221.161 179.739 232.757 169.13 
179.248 221.741 224.518 179.739 235.574 169.13 
179.248 220.67 227.874 179.739 238.391 169.13 
179.248 219.598 231.231 179.739 241.208 169.13 
179.248 218.527 234.587 179.739 243.917 169.13 
179.248 217.455 237.943 179.739 246.262 169.13 
179.218 216.384 241.047 179.739 248.231 169.13 
179.144 215.312 243.701 179.739 249.826 169.13 
179.025 214.428 245.905 179.744 251.046 169.136 
178.861 214.391 247.659 179.754 251.891 169.18 
178.652 214.541 248.963 179.768 252.361 169.231 
178.398 214.691 249.817 179.782 252.456 169.281 
178.115 214.841 250.419 179.796 252.176 169.331 
177.832 214.991 251.021 179.811 251.531 169.381 
177.549 215.141 251.622 179.825 250.779 169.431 
177.266 215.291 252.224 179.839 250.027 169.482 
176.982 215.441 252.825 179.853 249.274 169.532 
176.699 215.591 253.427 179.868 248.522 169.582 
176.416 215.742 254.029 179.882 247.77 169.632 
176.133 215.892 254.63 179.896 247.017 169.683 
175.85 216.042 255.232 179.911 246.265 169.733 
175.566 216.192 255.833 179.925 245.512 169.783 
175.285 216.342 256.435 179.939 244.76 169.833 
175.038 216.492 257.036 179.953 244.008 169.884 
174.835 216.642 257.638 179.968 243.255 169.934 
174.678 216.792 258.239 179.982 242.503 169.984 
174.565 216.942 258.841 179.995 241.751 170.034 
174.498 217.092 259.417 180.002 241.188 170.085 
174.475 217.231 259.642 180.005 241.001 170.112 
174.498 217.092 259.417 180.002 241.188 170.085 
174.565 216.942 258.841 179.995 241.751 170.034 
174.678 216.792 258.239 179.982 242.503 169.984 
174.835 216.642 257.638 179.968 243.255 169.934 
175.038 216.492 257.036 179.953 244.008 169.884 
175.285 216.342 256.435 179.939 244.76 169.833 
175.566 216.192 255.833 179.925 245.512 169.783 
175.85 216.042 255.232 179.911 246.265 169.733 
176.133 215.892 254.63 179.896 247.017 169.683 
176.416 215.741 254.029 179.882 247.77 169.632 
176.699 215.591 253.427 179.868 248.522 169.582 
176.982 215.441 252.825 179.853 249.274 169.532 
177.266 215.291 252.224 179.839 250.027 169.482 
177.549 215.141 251.622 179.825 250.779 169.431 
177.832 214.991 251.021 179.811 251.531 169.381 
178.115 214.841 250.419 179.796 252.284 169.331 
178.398 214.691 249.818 179.782 253.036 169.281 
178.652 214.541 249.216 179.768 253.643 169.231 
178.861 214.391 248.504 179.754 253.877 169.18 
179.025 214.047 247.362 179.744 253.737 169.136 
179.144 212.844 245.77 179.739 253.221 169.13 
179.218 211.448 243.748 179.739 252.33 169.13 
179.248 210.051 241.615 179.739 251.067 169.13 
179.248 208.654 239.483 179.739 249.659 169.13 
179.248 207.257 237.35 179.739 248.25 169.13 
179.248 205.861 235.217 179.739 246.842 169.13 
179.248 204.464 233.085 179.739 245.433 169.13 
179.248 203.067 230.952 179.739 244.025 169.13 
179.248 201.67 228.82 179.739 242.616 169.13 
179.248 200.274 226.687 179.739 241.208 169.13 
179.248 198.877 224.554 179.739 239.799 169.13 
179.248 197.48 222.422 179.739 238.391 169.13 
179.248 196.084 220.289 179.739 236.982 169.13 
179.248 194.687 218.157 179.739 235.574 169.13 
179.248 193.29 216.024 179.739 234.165 169.13 
179.248 191.893 213.891 179.739 232.757 169.13 
179.248 190.497 211.759 179.739 231.348 169.13 
179.248 189.1 209.626 179.739 229.94 169.13 
179.248 187.703 207.494 179.739 228.531 169.13 
179.248 186.306 205.361 179.739 227.123 169.13 
179.248 184.91 203.228 179.739 225.714 169.13 
179.248 183.513 201.096 179.739 224.305 169.13 
179.248 182.116 198.963 179.739 222.897 169.13 
179.248 180.72 196.831 179.739 221.488 169.13 
179.248 179.323 194.698 179.739 220.08 169.13 
179.248 177.926 192.565 179.739 218.671 169.13 
179.248 176.529 190.433 179.739 217.263 169.13 
179.248 175.133 188.3 179.739 215.854 169.13 
179.248 173.736 186.168 179.739 214.446 169.13 
179.248 172.339 184.035 179.739 213.037 169.13 
179.248 170.943 181.902 179.739 211.629 169.13 
179.248 169.546 179.77 179.739 210.22 169.13 
179.248 168.149 177.637 179.739 208.812 169.13 
179.248 166.752 175.505 179.739 207.403 169.13 
179.248 165.356 173.372 179.739 205.995 169.13 
179.248 164.118 171.273 179.739 204.586 169.13 
179.248 163.784 169.541 179.739 203.178 169.13 
179.248 164.451 168.258 179.739 201.769 169.13 
179.248 166.117 167.426 179.739 200.505 169.13 
179.248 168.784 167.043 179.739 199.613 169.13 
179.248 172.45 167.11 179.739 199.097 169.13 
179.248 177.117 167.628 179.739 198.952 169.13 
179.248 182.783 168.595 179.739 198.952 169.13 
179.248 189.45 170.013 179.739 198.952 169.13 
179.248 197.021 171.796 179.739 198.952 169.13 
179.248 204.671 173.613 179.739 198.952 169.13 
179.248 211.5 175.431 179.739 199.059 169.13 
179.248 217.329 177.248 179.739 199.53 169.13 
179.248 222.158 179.179 179.739 200.376 169.13 
179.248 225.987 181.541 179.739 201.597 169.13 
179.248 228.816 184.353 179.739 203.193 169.13 
179.248 230.646 187.596 179.739 205.164 169.13 
179.248 231.475 190.953 179.739 207.51 169.13 
179.248 231.304 194.309 179.739 210.22 169.13 
179.248 230.313 197.666 179.739 213.037 169.13 
179.248 229.241 201.022 179.739 215.854 169.13 
179.248 228.17 204.379 179.739 218.671 169.13 
179.248 227.098 207.735 179.739 221.488 169.13 
179.248 226.027 211.092 179.739 224.305 169.13 
179.248 224.956 214.448 179.739 227.123 169.13 
179.248 223.884 217.805 179.739 229.94 169.13 
179.248 222.813 221.161 179.739 232.757 169.13 
179.248 221.741 224.518 179.739 235.574 169.13 
179.248 220.67 227.874 179.739 238.391 169.13 
179.248 219.598 231.231 179.739 241.208 169.13 
179.248 218.527 234.587 179.739 243.955 169.13 
179.248 217.455 237.901 179.739 246.355 169.13 
179.248 216.384 240.837 179.739 248.38 169.13 
179.258 215.312 243.322 179.739 250.03 169.135 
179.312 214.504 245.358 179.737 251.305 169.187 
179.41 214.619 246.944 179.731 252.205 169.293 
179.551 214.997 248.079 179.722 252.73 169.446 
179.702 215.375 248.765 179.714 252.88 169.604 
179.853 215.753 249.072 179.705 252.655 169.761 
180.005 216.131 249.337 179.697 252.083 169.919 
180.156 216.509 249.602 179.688 251.441 170.077 
180.307 216.887 249.867 179.68 250.799 170.235 
180.459 217.265 250.132 179.671 250.157 170.393 
180.61 217.643 250.397 179.663 249.515 170.551 
180.762 218.021 250.661 179.654 248.873 170.709 
180.913 218.399 250.926 179.646 248.23 170.866 
181.064 218.777 251.191 179.638 247.588 171.024 
181.216 219.155 251.456 179.629 246.946 171.182 
181.367 219.533 251.721 179.621 246.304 171.34 
181.518 219.911 251.986 179.612 245.662 171.498 
181.67 220.289 252.251 179.604 245.02 171.656 
181.818 220.667 252.515 179.595 244.378 171.813 
181.93 221.045 252.78 179.587 243.736 171.95 
181.998 221.423 253.045 179.58 243.189 172.033 
182.02 221.73 253.232 179.577 243.002 172.06 
181.998 221.423 253.045 179.58 243.189 172.033 
181.93 221.045 252.78 179.587 243.736 171.95 
181.818 220.667 252.515 179.595 244.378 171.813 
181.67 220.289 252.251 179.604 245.02 171.656 
181.518 219.911 251.986 179.612 245.662 171.498 
181.367 219.533 251.721 179.621 246.304 171.34 
181.216 219.155 251.456 179.629 246.946 171.182 
181.064 218.777 251.191 179.638 247.588 171.024 
180.913 218.399 250.926 179.646 248.23 170.866 
180.761 218.021 250.662 179.655 248.873 170.708 
180.61 217.643 250.397 179.663 249.515 170.551 
180.459 217.265 250.132 179.671 250.157 170.393 
180.307 216.887 249.867 179.68 250.799 170.235 
180.156 216.509 249.602 179.688 251.441 170.077 
180.005 216.131 249.337 179.697 252.083 169.919 
179.853 215.753 249.072 179.705 252.725 169.761 
179.702 215.375 248.808 179.714 253.367 169.604 
179.551 214.997 248.541 179.722 253.908 169.446 
179.41 214.619 248.018 179.731 254.087 169.293 
179.312 214.111 247.044 179.737 253.891 169.187 
179.258 212.844 245.62 179.739 253.321 169.135 
179.248 211.448 243.747 179.739 252.375 169.13 
179.248 210.051 241.615 179.739 251.067 169.13 
179.248 208.654 239.483 179.739 249.659 169.13 
179.248 207.257 237.35 179.739 248.25 169.13 
179.248 205.861 235.217 179.739 246.842 169.13 
179.248 204.464 233.085 179.739 245.433 169.13 
179.248 203.067 230.952 179.739 244.025 169.13 
179.248 201.67 228.82 179.739 242.616 169.13 
179.248 200.274 226.687 179.739 241.208 169.13 
179.248 198.877 224.554 179.739 239.799 169.13 
179.248 197.48 222.422 179.739 238.391 169.13 
179.248 196.084 220.289 179.739 236.982 169.13 
179.248 194.687 218.157 179.739 235.574 169.13 
179.248 193.29 216.024 179.739 234.165 169.13 
179.248 191.893 213.891 179.739 232.757 169.13 
179.248 190.497 211.759 179.739 231.348 169.13 
179.248 189.1 209.626 179.739 229.94 169.13 
179.248 187.703 207.494 179.739 228.531 169.13 
179.248 186.306 205.361 179.739 227.123 169.13 
179.248 184.91 203.228 179.739 225.714 169.13 
179.248 183.513 201.096 179.739 224.305 169.13 
179.248 182.116 198.963 179.739 222.897 169.13 
179.248 180.72 196.831 179.739 221.488 169.13 
179.248 179.323 194.698 179.739 220.08 169.13 
179.248 177.926 192.565 179.739 218.671 169.13 
179.248 176.529 190.433 179.739 217.263 169.13 
179.248 175.133 188.3 179.739 215.854 169.13 
179.248 173.736 186.168 179.739 214.446 169.13 
179.248 172.339 184.035 179.739 213.037 169.13 
179.248 170.943 181.902 179.739 211.629 169.13 
179.248 169.546 179.77 179.739 210.22 169.13 
179.248 168.149 177.637 179.739 208.812 169.13 
179.248 166.752 175.505 179.739 207.403 169.13 
179.248 165.356 173.372 179.739 205.995 169.13 
179.248 164.118 171.273 179.739 204.586 169.13 
179.248 163.784 169.541 179.739 203.178 169.13 
179.248 164.451 168.258 179.739 201.769 169.13 
179.248 166.117 167.426 179.739 200.505 169.13 
179.248 168.784 167.043 179.739 199.613 169.13 
179.248 172.45 167.11 179.739 199.097 169.13 
179.248 177.117 167.628 179.739 198.952 169.13 
179.248 182.783 168.595 179.739 198.952 169.13 
179.248 189.45 170.013 179.739 198.952 169.13 
179.248 197.021 171.796 179.739 198.952 169.13 
179.248 204.671 173.613 179.739 198.952 169.13 
179.248 211.5 175.431 179.739 199.059 169.13 
179.248 217.329 177.248 179.739 199.53 169.13 
179.248 222.158 179.179 179.739 200.376 169.13 
179.248 225.987 181.541 179.739 201.597 169.13 
179.248 228.816 184.353 179.739 203.193 169.13 
179.248 230.646 187.596 179.739 205.164 169.13 
179.248 231.475 190.953 179.739 207.51 169.13 
179.248 231.304 194.309 179.739 210.22 169.13 
179.248 230.313 197.666 179.739 213.037 169.13 
179.248 229.241 201.022 179.739 215.854 169.13 
179.248 228.17 204.379 179.739 218.671 169.13 
179.248 227.098 207.735 179.739 221.488 169.13 
179.248 226.027 211.092 179.739 224.305 169.13 
179.248 224.956 214.448 179.739 227.123 169.13 
179.248 223.884 217.805 179.739 229.94 169.13 
179.248 222.813 221.161 179.739 232.757 169.13 
179.248 221.741 224.518 179.739 235.574 169.13 
179.248 220.67 227.874 179.739 238.391 169.13 
179.248 219.598 231.231 179.739 241.208 169.13 
179.248 218.527 234.587 179.739 243.962 169.13 
179.248 217.455 237.903 179.739 246.375 169.13 
179.248 216.384 240.843 179.739 248.413 169.13 
179.244 215.312 243.333 179.739 250.076 169.129 
179.202 214.491 245.373 179.74 251.364 169.092 
179.115 214.583 246.963 179.744 252.277 169.001 
178.99 214.925 248.103 179.749 252.815 168.873 
178.861 215.267 248.793 179.754 252.978 168.744 
178.732 215.609 249.107 179.759 252.766 168.615 
178.602 215.951 249.381 179.764 252.213 168.487 
178.473 216.293 249.655 179.77 251.597 168.358 
178.344 216.635 249.928 179.775 250.981 168.229 
178.215 216.977 250.202 179.78 250.365 168.1 
178.086 217.319 250.475 179.785 249.749 167.972 
177.957 217.66 250.749 179.79 249.133 167.843 
177.828 218.002 251.023 179.795 248.517 167.714 
177.699 218.344 251.296 179.8 247.901 167.586 
177.57 218.686 251.57 179.805 247.285 167.457 
177.441 219.028 251.843 179.81 246.669 167.328 
177.311 219.37 252.117 179.816 246.053 167.2 
177.182 219.712 252.391 179.821 245.437 167.071 
177.053 220.054 252.664 179.826 244.821 166.942 
176.941 220.396 252.938 179.831 244.205 166.817 
176.874 220.738 253.211 179.836 243.666 166.734 
176.851 221.022 253.402 179.838 243.479 166.707 
176.874 220.738 253.211 179.836 243.666 166.734 
176.941 220.396 252.938 179.831 244.205 166.817 
177.053 220.054 252.664 179.826 244.821 166.942 
177.182 219.712 252.391 179.821 245.437 167.071 
177.311 219.37 252.117 179.816 246.053 167.2 
177.441 219.028 251.843 179.81 246.669 167.328 
177.57 218.686 251.57 179.805 247.285 167.457 
177.699 218.344 251.296 179.8 247.901 167.586 
177.828 218.002 251.023 179.795 248.517 167.714 
177.957 217.66 250.749 179.79 249.133 167.843 
178.086 217.319 250.475 179.785 249.749 167.972 
178.215 216.977 250.202 179.78 250.365 168.1 
178.344 216.635 249.928 179.775 250.981 168.229 
178.473 216.293 249.655 179.77 251.597 168.358 
178.602 215.951 249.381 179.764 252.213 168.487 
178.732 215.609 249.107 179.759 252.829 168.615 
178.861 215.267 248.834 179.754 253.445 168.744 
178.99 214.925 248.559 179.749 253.969 168.873 
179.115 214.583 248.031 179.744 254.136 169.001 
179.202 214.102 247.053 179.74 253.927 169.092 
179.244 212.844 245.625 179.739 253.343 169.129 
179.248 211.448 243.747 179.739 252.384 169.13 
179.248 210.051 241.615 179.739 251.067 169.13 
179.248 208.654 239.483 179.739 249.659 169.13 
179.248 207.257 237.35 179.739 248.25 169.13 
179.248 205.861 235.217 179.739 246.842 169.13 
179.248 204.464 233.085 179.739 245.433 169.13 
179.248 203.067 230.952 179.739 244.025 169.13 
179.248 201.67 228.82 179.739 242.616 169.13 
179.248 200.274 226.687 179.739 241.208 169.13 
179.248 198.877 224.554 179.739 239.799 169.13 
179.248 197.48 222.422 179.739 238.391 169.13 
179.248 196.084 220.289 179.739 236.982 169.13 
179.248 194.687 218.157 179.739 235.574 169.13 
179.248 193.29 216.024 179.739 234.165 169.13 
179.248 191.893 213.891 179.739 232.757 169.13 
179.248 190.497 211.759 179.739 231.348 169.13 
179.248 189.1 209.626 179.739 229.94 169.13 
179.248 187.703 207.494 179.739 228.531 169.13 
179.248 186.306 205.361 179.739 227.123 169.13 
179.248 184.91 203.228 179.739 225.714 169.13 
179.248 183.513 201.096 179.739 224.305 169.13 
179.248 182.116 198.963 179.739 222.897 169.13 
179.248 180.72 196.831 179.739 221.488 169.13 
179.248 179.323 194.698 179.739 220.08 169.13 
179.248 177.926 192.565 179.739 218.671 169.13 
179.248 176.529 190.433 179.739 217.263 169.13 
179.248 175.133 188.3 179.739 215.854 169.13 
179.248 173.736 186.168 179.739 214.446 169.13 
179.248 172.339 184.035 179.739 213.037 169.13 
179.248 170.943 181.902 179.739 211.629 169.13 
179.248 169.546 179.77 179.739 210.22 169.13 
179.248 168.149 177.637 179.739 208.812 169.13 
179.248 166.752 175.505 179.739 207.403 169.13 
179.248 165.356 173.372 179.739 205.995 169.13 
179.248 164.118 171.273 179.739 204.586 169.13 
179.248 163.784 169.541 179.739 203.178 169.13 
179.248 164.451 168.258 179.739 201.769 169.13 
179.248 166.117 167.426 179.739 200.505 169.13 
179.248 168.784 167.043 179.739 199.613 169.13 
179.248 172.45 167.11 179.739 199.097 169.13 
179.248 177.117 167.628 179.739 198.952 169.13 
179.248 182.783 168.595 179.739 198.952 169.13 
179.248 189.45 170.013 179.739 198.952 169.13 
179.248 197.021 171.796 179.739 198.952 169.13 
179.248 204.671 173.613 179.739 198.952 169.13 
179.248 211.5 175.431 179.739 199.059 169.13 
179.248 217.329 177.248 179.739 199.53 169.13 
179.248 222.158 179.179 179.739 200.376 169.13 
179.248 225.987 181.541 179.739 201.597 169.13 
179.248 228.816 184.353 179.739 203.193 169.13 
179.248 230.646 187.596 179.739 205.164 169.13 
179.248 231.475 190.953 179.739 207.51 169.13 
179.248 231.304 194.309 179.739 210.22 169.13 
179.248 230.313 197.666 179.739 213.037 169.13 
179.248 229.241 201.022 179.739 215.854 169.13 
179.248 228.17 204.379 179.739 218.671 169.13 
179.248 227.098 207.735 179.739 221.488 169.13 
179.248 226.027 211.092 179.739 224.305 169.13 
179.248 224.956 214.448 179.739 227.123 169.13 
179.248 223.884 217.805 179.739 229.94 169.13 
179.248 222.813 221.161 179.739 232.757 169.13 
179.248 221.741 224.518 179.739 235.574 169.13 
179.248 220.67 227.874 179.739 238.391 169.13 
179.248 219.598 231.231 179.739 241.208 169.13 
179.237 218.527 234.587 179.739 243.969 169.13 
179.183 217.455 237.88 179.739 246.395 169.108 
179.085 216.384 240.772 179.739 248.445 169.032 
178.941 215.312 243.214 179.741 250.121 168.9 
178.752 214.516 245.206 179.748 251.421 168.714 
178.519 214.654 246.748 179.76 252.346 168.472 
178.24 215.067 247.84 179.778 252.897 168.176 
177.916 215.479 248.483 179.797 253.072 167.824 
177.548 215.892 248.724 179.816 252.873 167.418 
177.136 216.305 248.902 179.835 252.337 166.99 
176.714 216.718 249.079 179.855 251.746 166.562 
176.291 217.131 249.257 179.874 251.155 166.134 
175.869 217.543 249.435 179.893 250.563 165.706 
175.446 217.956 249.613 179.912 249.972 165.278 
175.024 218.369 249.791 179.931 249.381 164.85 
174.605 218.782 249.968 179.951 248.79 164.421 
174.222 219.195 250.146 179.97 248.199 163.993 
173.885 219.607 250.324 179.989 247.607 163.582 
173.592 220.02 250.501 180.008 247.016 163.225 
173.345 220.433 250.679 180.028 246.425 162.922 
173.142 220.846 250.857 180.047 245.834 162.675 
172.985 221.259 251.035 180.064 245.243 162.482 
172.872 221.671 251.213 180.077 244.651 162.345 
172.805 222.084 251.39 180.084 244.123 162.262 
172.782 222.412 251.533 180.087 243.935 162.235 
172.805 222.084 251.39 180.084 244.123 162.262 
172.872 221.671 251.212 180.077 244.651 162.345 
172.985 221.259 251.035 180.064 245.243 162.482 
173.142 220.846 250.857 180.047 245.834 162.675 
173.345 220.433 250.679 180.028 246.425 162.922 
173.592 220.02 250.501 180.008 247.016 163.225 
173.885 219.607 250.324 179.989 247.607 163.582 
174.222 219.195 250.146 179.97 248.199 163.993 
174.605 218.782 249.968 179.951 248.79 164.421 
175.024 218.369 249.79 179.931 249.381 164.85 
175.446 217.956 249.613 179.912 249.972 165.278 
175.869 217.543 249.435 179.893 250.563 165.706 
176.291 217.131 249.257 179.874 251.155 166.134 
176.714 216.718 249.079 179.855 251.746 166.562 
177.136 216.305 248.902 179.835 252.337 166.99 
177.548 215.892 248.724 179.816 252.928 167.418 
177.916 215.479 248.546 179.797 253.519 167.824 
178.24 215.067 248.362 179.778 254.027 168.176 
178.519 214.654 247.882 179.76 254.181 168.472 
178.752 214.12 246.951 179.748 253.96 168.714 
178.941 212.844 245.571 179.741 253.364 168.9 
179.085 211.448 243.741 179.739 252.393 169.032 
179.183 210.051 241.615 179.739 251.067 169.108 
179.237 208.654 239.483 179.739 249.659 169.13 
179.248 207.257 237.35 179.739 248.25 169.13 
179.248 205.861 235.217 179.739 246.842 169.13 
179.248 204.464 233.085 179.739 245.433 169.13 
179.248 203.067 230.952 179.739 244.025 169.13 
179.248 201.67 228.82 179.739 242.616 169.13 
179.248 200.274 226.687 179.739 241.208 169.13 
179.248 198.877 224.554 179.739 239.799 169.13 
179.248 197.48 222.422 179.739 238.391 169.13 
179.248 196.084 220.289 179.739 236.982 169.13 
179.248 194.687 218.157 179.739 235.574 169.13 
179.248 193.29 216.024 179.739 234.165 169.13 
179.248 191.893 213.891 179.739 232.757 169.13 
179.248 190.497 211.759 179.739 231.348 169.13 
179.248 189.1 209.626 179.739 229.94 169.13 
179.248 187.703 207.494 179.739 228.531 169.13 
179.248 186.306 205.361 179.739 227.123 169.13 
179.248 184.91 203.228 179.739 225.714 169.13 
179.248 183.513 201.096 179.739 224.305 169.13 
179.248 182.116 198.963 179.739 222.897 169.13 
179.248 180.72 196.831 179.739 221.488 169.13 
179.248 179.323 194.698 179.739 220.08 169.13 
179.248 177.926 192.565 179.739 218.671 169.13 
179.248 176.529 190.433 179.739 217.263 169.13 
179.248 175.133 188.3 179.739 215.854 169.13 
179.248 173.736 186.168 179.739 214.446 169.13 
179.248 172.339 184.035 179.739 213.037 169.13 
179.248 170.943 181.902 179.739 211.629 169.13 
179.248 169.546 179.77 179.739 210.22 169.13 
179.248 168.149 177.637 179.739 208.812 169.13 
179.248 166.752 175.505 179.739 207.403 169.13 
179.248 165.356 173.372 179.739 205.995 169.13 
179.248 164.118 171.273 179.739 204.586 169.13 
179.248 163.784 169.541 179.739 203.178 169.13 
179.248 164.451 168.258 179.739 201.769 169.13 
179.248 166.117 167.426 179.739 200.505 169.13 
179.248 168.784 167.043 179.739 199.613 169.13 
179.248 172.45 167.11 179.739 199.097 169.13 
179.248 177.117 167.628 179.739 198.952 169.13 
179.248 182.783 168.595 179.739 198.952 169.13 
179.248 189.45 170.013 179.739 198.952 169.13 
179.248 197.021 171.796 179.739 198.952 169.13 
179.248 204.671 173.613 179.739 198.952 169.13 
179.248 211.5 175.431 179.739 199.059 169.13 
179.248 217.329 177.248 179.739 199.53 169.13 
179.248 222.158 179.179 179.739 200.376 169.13 
179.248 225.987 181.541 179.739 201.597 169.13 
179.248 228.816 184.353 179.739 203.193 169.13 
179.248 230.646 187.596 179.739 205.164 169.13 
179.248 231.475 190.952 179.739 207.51 169.13 
179.248 231.304 194.309 179.739 210.22 169.13 
179.248 230.313 197.666 179.739 213.037 169.13 
179.248 229.241 201.022 179.739 215.854 169.13 
179.248 228.17 204.379 179.739 218.671 169.13 
179.248 227.098 207.735 179.739 221.488 169.13 
179.248 226.027 211.092 179.739 224.305 169.13 
179.248 224.956 214.448 179.739 227.123 169.13 
179.248 223.884 217.805 179.739 229.94 169.13 
179.248 222.813 221.161 179.739 232.757 169.13 
179.248 221.741 224.517 179.739 235.574 169.13 
179.248 220.67 227.874 179.739 238.391 169.13 
179.248 219.598 231.231 179.739 241.208 169.13 
179.265 218.527 234.587 179.739 243.964 169.13 
179.327 217.455 237.897 179.739 246.379 169.163 
179.434 216.384 240.825 179.739 248.419 169.251 
179.586 215.312 243.303 179.735 250.085 169.394 
179.783 214.499 245.331 179.727 251.375 169.592 
180.025 214.606 246.909 179.713 252.291 169.846 
180.312 214.972 248.037 179.695 252.831 170.154 
180.644 215.337 248.715 179.673 252.996 170.517 
181.021 215.702 249.01 179.651 252.787 170.935 
181.443 216.068 249.259 179.629 252.237 171.385 
181.882 216.433 249.509 179.607 251.625 171.837 
182.321 216.798 249.758 179.585 251.014 172.288 
182.76 217.164 250.007 179.563 250.403 172.739 
183.199 217.529 250.256 179.541 249.791 173.19 
183.637 217.894 250.506 179.52 249.18 173.641 
184.064 218.26 250.755 179.498 248.569 174.092 
184.446 218.625 251.004 179.476 247.957 174.542 
184.784 218.991 251.253 179.454 247.346 174.955 
185.076 219.356 251.502 179.432 246.735 175.312 
185.324 219.721 251.752 179.41 246.124 175.615 
185.526 220.087 252.001 179.388 245.512 175.862 
185.684 220.452 252.25 179.371 244.901 176.055 
185.796 220.817 252.499 179.358 244.29 176.192 
185.864 221.183 252.749 179.351 243.753 176.275 
185.886 221.481 252.929 179.348 243.565 176.302 
185.864 221.183 252.749 179.351 243.753 176.275 
185.796 220.817 252.499 179.358 244.29 176.192 
185.684 220.452 252.25 179.371 244.901 176.055 
185.526 220.087 252.001 179.388 245.512 175.862 
185.324 219.721 251.752 179.41 246.124 175.615 
185.076 219.356 251.502 179.432 246.735 175.312 
184.784 218.991 251.253 179.454 247.346 174.955 
184.446 218.625 251.004 179.476 247.957 174.542 
184.064 218.26 250.755 179.498 248.569 174.092 
183.637 217.894 250.506 179.52 249.18 173.641 
183.199 217.529 250.256 179.541 249.791 173.19 
182.76 217.164 250.007 179.563 250.403 172.739 
182.321 216.798 249.758 179.585 251.014 172.288 
181.882 216.433 249.508 179.607 251.625 171.837 
181.443 216.068 249.259 179.629 252.237 171.386 
181.021 215.702 249.01 179.651 252.848 170.935 
180.644 215.337 248.761 179.673 253.459 170.517 
180.312 214.972 248.51 179.695 253.98 170.154 
180.025 214.606 247.994 179.713 254.144 169.846 
179.783 214.108 247.028 179.727 253.933 169.592 
179.586 212.844 245.612 179.735 253.347 169.394 
179.434 211.448 243.746 179.739 252.386 169.251 
179.327 210.051 241.615 179.739 251.067 169.163 
179.265 208.654 239.483 179.739 249.659 169.13 
179.248 207.257 237.35 179.739 248.25 169.13 
179.248 205.861 235.217 179.739 246.842 169.13 
179.248 204.464 233.085 179.739 245.433 169.13 
179.248 203.067 230.952 179.739 244.025 169.13 
179.248 201.67 228.82 179.739 242.616 169.13 
179.248 200.274 226.687 179.739 241.208 169.13 
179.248 198.877 224.554 179.739 239.799 169.13 
179.248 197.48 222.422 179.739 238.391 169.13 
179.248 196.084 220.289 179.739 236.982 169.13 
179.248 194.687 218.157 179.739 235.574 169.13 
179.248 193.29 216.024 179.739 234.165 169.13 
179.248 191.893 213.891 179.739 232.757 169.13 
179.248 190.497 211.759 179.739 231.348 169.13 
179.248 189.1 209.626 179.739 229.94 169.13 
179.248 187.703 207.494 179.739 228.531 169.13 
179.248 186.306 205.361 179.739 227.123 169.13 
179.248 184.91 203.228 179.739 225.714 169.13 
179.248 183.513 201.096 179.739 224.305 169.13 
179.248 182.116 198.963 179.739 222.897 169.13 
179.248 180.72 196.831 179.739 221.488 169.13 
179.248 179.323 194.698 179.739 220.08 169.13 
179.248 177.926 192.565 179.739 218.671 169.13 
179.248 176.529 190.433 179.739 217.263 169.13 
179.248 175.133 188.3 179.739 215.854 169.13 
179.248 173.736 186.168 179.739 214.446 169.13 
179.248 172.339 184.035 179.739 213.037 169.13 
179.248 170.943 181.902 179.739 211.629 169.13 
179.248 169.546 179.77 179.739 210.22 169.13 
179.248 168.149 177.637 179.739 208.812 169.13 
179.248 166.752 175.505 179.739 207.403 169.13 
179.248 165.356 173.372 179.739 205.995 169.13 
179.248 164.118 171.273 179.739 204.586 169.13 
179.248 163.784 169.541 179.739 203.178 169.13 
179.248 164.451 168.258 179.739 201.769 169.13 
179.248 166.117 167.426 179.739 200.505 169.13 
179.248 168.784 167.043 179.739 199.613 169.13 
179.248 172.45 167.11 179.739 199.097 169.13 
179.248 177.117 167.628 179.739 198.952 169.13 
179.248 182.783 168.595 179.739 198.952 169.13 
179.248 189.45 170.013 179.739 198.952 169.13 
179.248 197.021 171.796 179.739 198.952 169.13 
179.248 204.671 173.613 179.739 198.952 169.13 
179.248 211.5 175.431 179.739 199.059 169.13 
179.248 217.329 177.248 179.739 199.53 169.13 
179.248 222.158 179.179 179.739 200.376 169.13 
179.248 225.987 181.541 179.739 201.597 169.13 
179.248 228.816 184.353 179.739 203.193 169.13 
179.248 230.646 187.596 179.739 205.164 169.13 
179.248 231.475 190.952 179.739 207.51 169.13 
179.248 231.304 194.309 179.739 210.22 169.13 
179.248 230.313 197.666 179.739 213.037 169.13 
179.248 229.241 201.022 179.739 215.854 169.13 
179.248 228.17 204.379 179.739 218.671 169.13 
179.248 227.098 207.735 179.739 221.488 169.13 
179.248 226.027 211.092 179.739 224.305 169.13 
179.248 224.956 214.448 179.739 227.123 169.13 
179.248 223.884 217.805 179.739 229.94 169.13 
179.248 222.813 221.161 179.739 232.757 169.13 
179.248 221.741 224.517 179.739 235.574 169.13 
179.248 220.67 227.874 179.739 238.391 169.13 
179.248 219.598 231.231 179.739 241.208 169.13 
179.248 218.527 234.587 179.739 243.851 169.13 
179.248 217.455 237.944 179.739 246.119 169.13 
179.248 216.384 241.199 179.739 248.013 169.13 
179.233 215.312 244.028 179.739 249.531 169.123 
179.173 214.372 246.408 179.74 250.675 169.069 
179.069 214.193 248.337 179.745 251.443 168.96 
178.92 214.145 249.817 179.752 251.836 168.803 
178.756 214.097 250.871 179.758 251.855 168.639 
178.592 214.049 251.824 179.765 251.498 168.476 
178.428 214.001 252.776 179.771 250.767 168.312 
178.264 213.953 253.729 179.777 249.862 168.148 
178.1 213.905 254.682 179.784 248.957 167.985 
177.936 213.857 255.634 179.79 248.051 167.821 
177.772 213.809 256.587 179.797 247.146 167.658 
177.607 213.761 257.539 179.803 246.241 167.494 
177.443 213.712 258.492 179.809 245.336 167.33 
177.279 213.664 259.445 179.816 244.431 167.167 
177.115 213.616 260.397 179.822 243.525 167.003 
176.951 213.568 261.35 179.829 242.62 166.84 
176.787 213.52 262.303 179.835 241.715 166.676 
176.623 213.472 263.255 179.841 240.81 166.512 
176.469 213.424 264.208 179.848 239.905 166.349 
176.356 213.376 265.158 179.854 239.032 166.211 
176.289 213.328 265.833 179.86 238.469 166.129 
176.266 213.281 266.058 179.863 238.282 166.101 
176.289 213.328 265.833 179.86 238.469 166.129 
176.356 213.376 265.158 179.854 239.032 166.211 
176.469 213.424 264.208 179.848 239.905 166.349 
176.623 213.472 263.255 179.841 240.81 166.512 
176.787 213.52 262.303 179.835 241.715 166.676 
176.951 213.568 261.35 179.829 242.62 166.84 
177.115 213.616 260.397 179.822 243.525 167.003 
177.279 213.664 259.445 179.816 244.431 167.167 
177.443 213.712 258.492 179.809 245.336 167.33 
177.607 213.76 257.54 179.803 246.241 167.494 
177.772 213.809 256.587 179.797 247.146 167.658 
177.936 213.857 255.634 179.79 248.051 167.821 
178.1 213.905 254.682 179.784 248.957 167.985 
178.264 213.953 253.729 179.777 249.862 168.148 
178.428 214.001 252.776 179.771 250.767 168.312 
178.592 214.049 251.824 179.765 251.672 168.476 
178.756 214.097 250.871 179.758 252.576 168.639 
178.92 214.145 249.918 179.752 253.262 168.803 
179.069 214.193 248.944 179.745 253.573 168.96 
179.173 213.98 247.626 179.74 253.509 169.069 
179.233 212.844 245.859 179.739 253.069 169.123 
179.248 211.448 243.748 179.739 252.255 169.13 
179.248 210.051 241.615 179.739 251.066 169.13 
179.248 208.654 239.483 179.739 249.659 169.13 
179.248 207.257 237.35 179.739 248.25 169.13 
179.248 205.861 235.217 179.739 246.842 169.13 
179.248 204.464 233.085 179.739 245.433 169.13 
179.248 203.067 230.952 179.739 244.025 169.13 
179.248 201.67 228.82 179.739 242.616 169.13 
179.248 200.274 226.687 179.739 241.208 169.13 
179.248 198.877 224.554 179.739 239.799 169.13 
179.248 197.48 222.422 179.739 238.391 169.13 
179.248 196.084 220.289 179.739 236.982 169.13 
179.248 194.687 218.157 179.739 235.574 169.13 
179.248 193.29 216.024 179.739 234.165 169.13 
179.248 191.893 213.891 179.739 232.757 169.13 
179.248 190.497 211.759 179.739 231.348 169.13 
179.248 189.1 209.626 179.739 229.94 169.13 
179.248 187.703 207.494 179.739 228.531 169.13 
179.248 186.306 205.361 179.739 227.123 169.13 
179.248 184.91 203.228 179.739 225.714 169.13 
179.248 183.513 201.096 179.739 224.305 169.13 
179.248 182.116 198.963 179.739 222.897 169.13 
179.248 180.72 196.831 179.739 221.488 169.13 
179.248 179.323 194.698 179.739 220.08 169.13 
179.248 177.926 192.565 179.739 218.671 169.13 
179.248 176.529 190.433 179.739 217.263 169.13 
179.248 175.133 188.3 179.739 215.854 169.13 
179.248 173.736 186.168 179.739 214.446 169.13 
179.248 172.339 184.035 179.739 213.037 169.13 
179.248 170.943 181.902 179.739 211.629 169.13 
179.248 169.546 179.77 179.739 210.22 169.13 
179.248 168.149 177.637 179.739 208.812 169.13 
179.248 166.752 175.505 179.739 207.403 169.13 
179.248 165.356 173.372 179.739 205.995 169.13 
179.248 164.118 171.273 179.739 204.586 169.13 
179.248 163.784 169.541 179.739 203.178 169.13 
179.248 164.451 168.258 179.739 201.769 169.13 
179.248 166.117 167.426 179.739 200.505 169.13 
179.248 168.784 167.043 179.739 199.613 169.13 
179.248 172.45 167.11 179.739 199.097 169.13 
179.248 177.117 167.628 179.739 198.952 169.13 
179.248 182.783 168.595 179.739 198.952 169.13 
179.248 189.45 170.013 179.739 198.952 169.13 
179.248 197.021 171.796 179.739 198.952 169.13 
179.248 204.671 173.613 179.739 198.952 169.13 
179.248 211.5 175.431 179.739 199.059 169.13 
179.248 217.329 177.248 179.739 199.53 169.13 
179.248 222.158 179.179 179.739 200.376 169.13 
179.248 225.987 181.541 179.739 201.597 169.13 
179.248 228.816 184.353 179.739 203.193 169.13 
179.248 230.646 187.596 179.739 205.164 169.13 
179.248 231.475 190.953 179.739 207.51 169.13 
179.248 231.304 194.309 179.739 210.22 169.13 
179.248 230.313 197.666 179.739 213.037 169.13 
179.248 229.241 201.022 179.739 215.854 169.13 
179.248 228.17 204.379 179.739 218.671 169.13 
179.248 227.098 207.735 179.739 221.488 169.13 
179.248 226.027 211.092 179.739 224.305 169.13 
179.248 224.956 214.448 179.739 227.123 169.13 
179.248 223.884 217.805 179.739 229.94 169.13 
179.248 222.813 221.161 179.739 232.757 169.13 
179.248 221.741 224.518 179.739 235.574 169.13 
179.248 220.67 227.874 179.739 238.391 169.13 
179.248 219.598 231.231 179.739 241.208 169.13 
179.248 218.527 234.587 179.739 243.859 169.13 
179.248 217.455 237.944 179.739 246.137 169.13 
179.248 216.384 241.194 179.739 248.039 169.13 
179.266 215.312 244.018 179.739 249.566 169.141 
179.328 214.371 246.391 179.736 250.719 169.203 
179.435 214.189 248.314 179.728 251.496 169.32 
179.588 214.137 249.787 179.718 251.899 169.488 
179.757 214.086 250.833 179.708 251.926 169.667 
179.927 214.034 251.773 179.697 251.578 169.846 
180.097 213.982 252.713 179.686 250.856 170.025 
180.267 213.93 253.653 179.676 249.969 170.204 
180.437 213.879 254.593 179.666 249.082 170.383 
180.606 213.827 255.533 179.655 248.194 170.562 
180.776 213.775 256.473 179.644 247.307 170.741 
180.946 213.724 257.413 179.634 246.419 170.919 
181.116 213.672 258.353 179.624 245.532 171.098 
181.286 213.62 259.293 179.613 244.645 171.277 
181.455 213.568 260.233 179.602 243.757 171.456 
181.625 213.517 261.173 179.592 242.87 171.635 
181.795 213.465 262.113 179.582 241.983 171.814 
181.965 213.413 263.053 179.571 241.095 171.993 
182.121 213.361 263.993 179.56 240.208 172.17 
182.234 213.31 264.931 179.55 239.346 172.308 
182.301 213.258 265.606 179.543 238.783 172.39 
182.324 213.207 265.831 179.54 238.596 172.418 
182.301 213.258 265.606 179.543 238.783 172.39 
182.234 213.31 264.931 179.55 239.346 172.308 
182.121 213.361 263.993 179.56 240.208 172.17 
181.965 213.413 263.053 179.571 241.095 171.993 
181.795 213.465 262.113 179.582 241.983 171.814 
181.625 213.517 261.173 179.592 242.87 171.635 
181.455 213.568 260.233 179.602 243.757 171.456 
181.286 213.62 259.293 179.613 244.645 171.277 
181.116 213.672 258.353 179.624 245.532 171.098 
180.946 213.724 257.413 179.634 246.419 170.919 
180.776 213.775 256.473 179.644 247.307 170.741 
180.606 213.827 255.533 179.655 248.194 170.562 
180.437 213.879 254.593 179.666 249.082 170.383 
180.267 213.93 253.653 179.676 249.969 170.204 
180.097 213.982 252.713 179.686 250.856 170.025 
179.927 214.034 251.773 179.697 251.744 169.846 
179.757 214.086 250.833 179.708 252.63 169.667 
179.588 214.137 249.893 179.718 253.307 169.488 
179.435 214.189 248.929 179.728 253.609 169.32 
179.328 213.979 247.618 179.736 253.536 169.203 
179.266 212.844 245.857 179.739 253.088 169.141 
179.248 211.448 243.748 179.739 252.265 169.13 
179.248 210.051 241.615 179.739 251.067 169.13 
179.248 208.654 239.483 179.739 249.659 169.13 
179.248 207.257 237.35 179.739 248.25 169.13 
179.248 205.861 235.217 179.739 246.842 169.13 
179.248 204.464 233.085 179.739 245.433 169.13 
179.248 203.067 230.952 179.739 244.025 169.13 
179.248 201.67 228.82 179.739 242.616 169.13 
179.248 200.274 226.687 179.739 241.208 169.13 
179.248 198.877 224.554 179.739 239.799 169.13 
179.248 197.48 222.422 179.739 238.391 169.13 
179.248 196.084 220.289 179.739 236.982 169.13 
179.248 194.687 218.157 179.739 235.574 169.13 
179.248 193.29 216.024 179.739 234.165 169.13 
179.248 191.893 213.891 179.739 232.757 169.13 
179.248 190.497 211.759 179.739 231.348 169.13 
179.248 189.1 209.626 179.739 229.94 169.13 
179.248 187.703 207.494 179.739 228.531 169.13 
179.248 186.306 205.361 179.739 227.123 169.13 
179.248 184.91 203.228 179.739 225.714 169.13 
179.248 183.513 201.096 179.739 224.305 169.13 
179.248 182.116 198.963 179.739 222.897 169.13 
179.248 180.72 196.831 179.739 221.488 169.13 
179.248 179.323 194.698 179.739 220.08 169.13 
179.248 177.926 192.565 179.739 218.671 169.13 
179.248 176.529 190.433 179.739 217.263 169.13 
179.248 175.133 188.3 179.739 215.854 169.13 
179.248 173.736 186.168 179.739 214.446 169.13 
179.248 172.339 184.035 179.739 213.037 169.13 
179.248 170.943 181.902 179.739 211.629 169.13 
179.248 169.546 179.77 179.739 210.22 169.13 
179.248 168.149 177.637 179.739 208.812 169.13 
179.248 166.752 175.505 179.739 207.403 169.13 
179.248 165.356 173.372 179.739 205.995 169.13 
179.248 164.118 171.273 179.739 204.586 169.13 
179.248 163.784 169.541 179.739 203.178 169.13 
179.248 164.451 168.258 179.739 201.769 169.13 
179.248 166.117 167.426 179.739 200.505 169.13 
179.248 168.784 167.043 179.739 199.613 169.13 
179.248 172.45 167.11 179.739 199.097 169.13 
179.248 177.117 167.628 179.739 198.952 169.13 
179.248 182.783 168.595 179.739 198.952 169.13 
179.248 189.45 170.013 179.739 198.952 169.13 
179.248 197.021 171.796 179.739 198.952 169.13 
179.248 204.671 173.613 179.739 198.952 169.13 
179.248 211.5 175.431 179.739 199.059 169.13 
179.248 217.329 177.248 179.739 199.53 169.13 
179.248 222.158 179.179 179.739 200.376 169.13 
179.248 225.987 181.541 179.739 201.597 169.13 
179.248 228.816 184.353 179.739 203.193 169.13 
179.248 230.646 187.596 179.739 205.164 169.13 
179.248 231.475 190.953 179.739 207.51 169.13 
179.248 231.304 194.309 179.739 210.22 169.13 
179.248 230.313 197.666 179.739 213.037 169.13 
179.248 229.241 201.022 179.739 215.854 169.13 
179.248 228.17 204.379 179.739 218.671 169.13 
179.248 227.098 207.735 179.739 221.488 169.13 
179.248 226.027 211.092 179.739 224.305 169.13 
179.248 224.956 214.448 179.739 227.123 169.13 
179.248 223.884 217.805 179.739 229.94 169.13 
179.248 222.813 221.161 179.739 232.757 169.13 
179.248 221.741 224.518 179.739 235.574 169.13 
179.248 220.67 227.874 179.739 238.391 169.13 
179.253 219.598 231.231 179.739 241.208 169.13 
179.295 218.527 234.587 179.739 243.868 169.14 
179.383 217.455 237.944 179.739 246.154 169.202 
179.516 216.384 241.174 179.738 248.065 169.318 
179.694 215.312 243.969 179.732 249.601 169.49 
179.917 214.382 246.313 179.722 250.762 169.716 
180.185 214.232 248.208 179.706 251.548 169.998 
180.498 214.223 249.653 179.685 251.959 170.334 
180.855 214.214 250.662 179.66 251.996 170.726 
181.258 214.204 251.544 179.634 251.657 171.172 
181.706 214.195 252.427 179.607 250.944 171.669 
182.192 214.186 253.31 179.581 250.074 172.177 
182.683 214.177 254.193 179.555 249.205 172.685 
183.174 214.168 255.076 179.529 248.335 173.193 
183.664 214.159 255.959 179.502 247.465 173.701 
184.137 214.149 256.841 179.476 246.595 174.209 
184.564 214.14 257.724 179.45 245.726 174.715 
184.947 214.131 258.607 179.423 244.856 175.183 
185.284 214.122 259.49 179.397 243.986 175.595 
185.577 214.113 260.373 179.371 243.116 175.953 
185.824 214.104 261.256 179.345 242.247 176.255 
186.027 214.095 262.139 179.322 241.377 176.503 
186.184 214.085 263.021 179.305 240.507 176.695 
186.297 214.076 263.904 179.292 239.657 176.833 
186.364 214.067 264.579 179.285 239.094 176.915 
186.387 214.058 264.804 179.282 238.907 176.943 
186.364 214.067 264.579 179.285 239.094 176.915 
186.297 214.076 263.904 179.292 239.657 176.833 
186.184 214.085 263.021 179.305 240.507 176.695 
186.027 214.095 262.139 179.322 241.377 176.503 
185.824 214.104 261.256 179.345 242.247 176.255 
185.577 214.113 260.373 179.371 243.117 175.953 
185.284 214.122 259.49 179.397 243.986 175.595 
184.947 214.131 258.607 179.423 244.856 175.183 
184.564 214.14 257.724 179.45 245.726 174.715 
184.137 214.149 256.841 179.476 246.595 174.209 
183.664 214.159 255.959 179.502 247.465 173.701 
183.174 214.168 255.076 179.529 248.335 173.193 
182.683 214.177 254.193 179.555 249.205 172.685 
182.192 214.186 253.31 179.581 250.075 172.177 
181.706 214.195 252.427 179.607 250.944 171.669 
181.258 214.204 251.544 179.634 251.814 171.172 
180.855 214.214 250.662 179.66 252.683 170.726 
180.498 214.223 249.779 179.685 253.352 170.334 
180.185 214.232 248.862 179.706 253.645 169.998 
179.917 213.994 247.579 179.722 253.563 169.716 
179.694 212.844 245.846 179.732 253.106 169.49 
179.516 211.448 243.748 179.738 252.274 169.318 
179.383 210.051 241.615 179.739 251.067 169.202 
179.295 208.654 239.483 179.739 249.659 169.14 
179.253 207.257 237.35 179.739 248.25 169.13 
179.248 205.861 235.217 179.739 246.842 169.13 
179.248 204.464 233.085 179.739 245.433 169.13 
179.248 203.067 230.952 179.739 244.025 169.13 
179.248 201.67 228.82 179.739 242.616 169.13 
179.248 200.274 226.687 179.739 241.208 169.13 
179.248 198.877 224.554 179.739 239.799 169.13 
179.248 197.48 222.422 179.739 238.391 169.13 
179.248 196.084 220.289 179.739 236.982 169.13 
179.248 194.687 218.157 179.739 235.574 169.13 
179.248 193.29 216.024 179.739 234.165 169.13 
179.248 191.893 213.891 179.739 232.757 169.13 
179.248 190.497 211.759 179.739 231.348 169.13 
179.248 189.1 209.626 179.739 229.94 169.13 
179.248 187.703 207.494 179.739 228.531 169.13 
179.248 186.306 205.361 179.739 227.123 169.13 
179.248 184.91 203.228 179.739 225.714 169.13 
179.248 183.513 201.096 179.739 224.305 169.13 
179.248 182.116 198.963 179.739 222.897 169.13 
179.248 180.72 196.831 179.739 221.488 169.13 
179.248 179.323 194.698 179.739 220.08 169.13 
179.248 177.926 192.565 179.739 218.671 169.13 
179.248 176.529 190.433 179.739 217.263 169.13 
179.248 175.133 188.3 179.739 215.854 169.13 
179.248 173.736 186.168 179.739 214.446 169.13 
179.248 172.339 184.035 179.739 213.037 169.13 
179.248 170.943 181.902 179.739 211.629 169.13 
179.248 169.546 179.77 179.739 210.22 169.13 
179.248 168.149 177.637 179.739 208.812 169.13 
179.248 166.752 175.505 179.739 207.403 169.13 
179.248 165.356 173.372 179.739 205.995 169.13 
179.248 164.118 171.273 179.739 204.586 169.13 
179.248 163.784 169.541 179.739 203.178 169.13 
179.248 164.451 168.258 179.739 201.769 169.13 
179.248 166.117 167.426 179.739 200.505 169.13 
179.248 168.784 167.043 179.739 199.613 169.13 
179.248 172.45 167.11 179.739 199.097 169.13 
179.248 177.117 167.628 179.739 198.952 169.13 
179.248 182.783 168.595 179.739 198.952 169.13 
179.248 189.45 170.013 179.739 198.952 169.13 
179.248 197.021 171.796 179.739 198.952 169.13 
179.248 204.664 173.613 179.739 199.144 169.13 
179.248 211.478 175.431 179.739 199.711 169.13 
179.248 217.292 177.447 179.739 200.653 169.13 
179.248 222.106 179.912 179.739 201.97 169.13 
179.248 225.92 182.827 179.739 203.662 169.13 
179.248 228.734 186.193 179.739 205.729 169.13 
179.248 230.548 190.008 179.739 208.171 169.13 
179.248 231.362 194.272 179.739 210.988 169.13 
179.248 231.176 198.736 179.739 214.181 169.13 
179.248 230.161 203.199 179.739 217.748 169.13 
179.248 229.059 207.662 179.739 221.507 169.13 
179.248 227.957 212.125 179.739 225.266 169.13 
179.248 226.856 216.588 179.739 229.025 169.13 
179.248 225.754 221.051 179.739 232.784 169.13 
179.248 224.652 225.515 179.739 236.543 169.13 
179.248 223.55 229.788 179.739 240.106 169.13 
179.248 222.448 233.613 179.739 243.293 169.13 
179.248 221.347 236.988 179.739 246.106 169.13 
179.248 220.245 239.913 179.739 248.543 169.13 
179.248 219.143 242.388 179.739 250.606 169.13 
179.248 218.041 244.413 179.739 252.293 169.13 
179.248 216.939 245.988 179.739 253.606 169.13 
179.248 215.838 247.113 179.739 254.543 169.13 
179.248 214.741 247.788 179.739 255.106 169.13 
